35
1 5 3
1 40 39 38 37 36 35 34 33 32 31 30 29 28 27 26 25 24 23 22 21 20 19 18 17 16 15 14 13 12 11 10
1 50 49 48 47 46 45 44 43 42 41 40 39 38 37 36 35 34 33 32 31 30 29 28 27 26 25 24 1
1 5 4
1 7 4 3
1 5 4 2 1
1 6 2 1
1 8 5 2
1 6 5 1
1 5 4 3 1
1 10 6 1
0
0
1 10 3 2 1
0
1 5 3 2
1 5 2
1 5 4 3 1
0
1 3 2 1
1 5 4 1
1 7 4 2 1
1 15 14 9 4 1
1 7 5
1 40 39 38 37 36 35 34 33 32 31 30 18 1
1 7 6 4 2
1 15 14 13 9 5 3 1
1 15 14 13 12 11 8 4
1 5 2
1 40 39 38 37 36 35 34 33 32 31 30 29 28 27 26 25 24 23 22 21 20 19 10
1 15 14 13 12 9 6 3 2 1
1 4 3 2 1
1 3
1 5 2 1
1 28 27 10 4 1